MAP_SEED:1
PLAYER_X:4.20913821101094
PLAYER_Y:66.0
PLAYER_Z:8.335313350505345
MAP_CODE:0
DAY_TIME:17.587257
CAM_PITCH:-0.30920315
CAM_YAW:-14.420014
CUBE_SELECTED:2
CUBE_SHORTCUTS:4 24 25 3 12 13 16 17 26 14 
DAY_SPEED:3
