MAP_SEED:89524413301644288
PLAYER_X:-0.2727041194078188
PLAYER_Y:65.0
PLAYER_Z:2.6007027639168117
MAP_CODE:0
DAY_TIME:14.727044
CAM_PITCH:0.044129767
CAM_YAW:14.466664
CUBE_SELECTED:2
CUBE_SHORTCUTS:4 24 25 3 12 13 16 17 26 14 
DAY_SPEED:3
