MAP_SEED:7973387042247108608
PLAYER_X:1.0
PLAYER_Y:66.0
PLAYER_Z:1.0
MAP_CODE:0
DAY_TIME:12.440736
CAM_PITCH:0.2907967
CAM_YAW:-0.8866668
CUBE_SELECTED:2
CUBE_SHORTCUTS:4 24 25 3 12 13 16 17 26 14 
DAY_SPEED:3
