MAP_SEED:6581978082730036224
PLAYER_X:-12.699236194050368
PLAYER_Y:96.0
PLAYER_Z:-131.28824558932777
MAP_CODE:0
DAY_TIME:20.568302
CAM_PITCH:0.85746306
CAM_YAW:42.040043
CUBE_SELECTED:25
CUBE_SHORTCUTS:4 24 25 3 12 13 16 17 26 14 
DAY_SPEED:3
