MAP_SEED:3585449961874230272
PLAYER_X:4.4000000059604645
PLAYER_Y:66.0
PLAYER_Z:6.5999999940395355
MAP_CODE:0
DAY_TIME:15.387243
CAM_PITCH:0.45079616
CAM_YAW:5.9266653
CUBE_SELECTED:2
CUBE_SHORTCUTS:4 24 25 3 12 13 16 17 26 14 
DAY_SPEED:3
